
New data
363	0	0	0	0	0	0	0	0	0
16	0	0	0	0	0	0	0	0	0

New data
(address : error)
375	432	0	0	0	0	0	0	0	0
64	4	0	0	0	0	0	0	0	0

New data
(address : error)
375	0	0	0	0	0	0	0	0	0
64	0	0	0	0	0	0	0	0	0

New data
(address : error)
375	377	434	0	0	0	0	0	0	0
64	16	2	0	0	0	0	0	0	0

New data
(address : error)
377	435	0	0	0	0	0	0	0	0
16	1	0	0	0	0	0	0	0	0

New data
(address : error)
377	0	0	0	0	0	0	0	0	0
16	0	0	0	0	0	0	0	0	0

New data
(address : error)
377	432	433	0	0	0	0	0	0	0
16	8	4	0	0	0	0	0	0	0

New data
(address : error)
375	432	0	0	0	0	0	0	0	0
64	8	0	0	0	0	0	0	0	0

New data
(address : error)
375	433	0	0	0	0	0	0	0	0
64	4	0	0	0	0	0	0	0	0

New data
(address : error)
432	0	0	0	0	0	0	0	0	0
8	0	0	0	0	0	0	0	0	0

New data
(address : error)
434	0	0	0	0	0	0	0	0	0
2	0	0	0	0	0	0	0	0	0

New data
(address : error)
377	432	0	0	0	0	0	0	0	0
16	8	0	0	0	0	0	0	0	0

New data
(address : error)
434	0	0	0	0	0	0	0	0	0
2	0	0	0	0	0	0	0	0	0

New data
(address : error)
434	0	0	0	0	0	0	0	0	0
2	0	0	0	0	0	0	0	0	0

New data
(address : error)
377	0	0	0	0	0	0	0	0	0
16	0	0	0	0	0	0	0	0	0

New data
(address : error)
434	0	0	0	0	0	0	0	0	0
2	0	0	0	0	0	0	0	0	0

New data
(address : error)
377	434	0	0	0	0	0	0	0	0
16	2	0	0	0	0	0	0	0	0

New data
(address : error)
377	432	433	434	0	0	0	0	0	0
16	8	4	2	0	0	0	0	0	0

New data
(address : error)
377	432	0	0	0	0	0	0	0	0
16	8	0	0	0	0	0	0	0	0

New data
(address : error)
377	0	0	0	0	0	0	0	0	0
16	0	0	0	0	0	0	0	0	0

New data
(address : error)
436	0	0	0	0	0	0	0	0	0
1	0	0	0	0	0	0	0	0	0

New data
(address : error)
376	377	0	0	0	0	0	0	0	0
64	16	0	0	0	0	0	0	0	0

New data
(address : error)
377	432	433	0	0	0	0	0	0	0
16	8	4	0	0	0	0	0	0	0

New data
(address : error)
432	433	0	0	0	0	0	0	0	0
8	4	0	0	0	0	0	0	0	0

New data
(address : error)
432	0	0	0	0	0	0	0	0	0
8	0	0	0	0	0	0	0	0	0

New data
(address : error)
377	432	0	0	0	0	0	0	0	0
16	8	0	0	0	0	0	0	0	0

New data
(address : error)
377	432	435	0	0	0	0	0	0	0
16	8	1	0	0	0	0	0	0	0

New data
(address : error)
376	432	433	768	0	0	0	0	0	0
64	8	4	3	0	0	0	0	0	0

New data
(address : error)
435	0	0	0	0	0	0	0	0	0
1	0	0	0	0	0	0	0	0	0

New data
(address : error)
376	0	0	0	0	0	0	0	0	0
64	0	0	0	0	0	0	0	0	0

New data
(address : error)
375	377	432	433	0	0	0	0	0	0
128	16	8	4	0	0	0	0	0	0

New data
(address : error)
434	0	0	0	0	0	0	0	0	0
4	0	0	0	0	0	0	0	0	0

New data
(address : error)
376	436	0	0	0	0	0	0	0	0
64	1	0	0	0	0	0	0	0	0

New data
(address : error)
432	436	0	0	0	0	0	0	0	0
8	1	0	0	0	0	0	0	0	0

New data
(address : error)
432	433	0	0	0	0	0	0	0	0
8	4	0	0	0	0	0	0	0	0

New data
(address : error)
432	433	0	0	0	0	0	0	0	0
8	4	0	0	0	0	0	0	0	0

New data
(address : error)
434	435	0	0	0	0	0	0	0	0
2	1	0	0	0	0	0	0	0	0

New data
(address : error)
375	0	0	0	0	0	0	0	0	0
128	0	0	0	0	0	0	0	0	0

New data
(address : error)
434	435	0	0	0	0	0	0	0	0
2	1	0	0	0	0	0	0	0	0

New data
(address : error)
435	0	0	0	0	0	0	0	0	0
1	0	0	0	0	0	0	0	0	0

New data
(address : error)
432	0	0	0	0	0	0	0	0	0
8	0	0	0	0	0	0	0	0	0

New data
(address : error)
433	0	0	0	0	0	0	0	0	0
4	0	0	0	0	0	0	0	0	0

New data
(address : error)
432	0	0	0	0	0	0	0	0	0
8	0	0	0	0	0	0	0	0	0

New data
(address : error)
432	436	0	0	0	0	0	0	0	0
8	1	0	0	0	0	0	0	0	0

New data
(address : error)
1536	0	0	0	0	0	0	0	0	0
6	0	0	0	0	0	0	0	0	0
New data
(address : error)New data
(address : error)New data
(address : error)
Next group
432	0	0	0	0	0	0	0	0	0
2	0	0	0	0	0	0	0	0	0

Next group
434	0	0	0	0	0	0	0	0	0
1	0	0	0	0	0	0	0	0	0

Next group
374	432	0	0	0	0	0	0	0	0
64	4	0	0	0	0	0	0	0	0

Next group
374	0	0	0	0	0	0	0	0	0
64	0	0	0	0	0	0	0	0	0

Next group
1024	0	0	0	0	0	0	0	0	0
4	0	0	0	0	0	0	0	0	0

Next group
375	432	0	0	0	0	0	0	0	0
32	4	0	0	0	0	0	0	0	0

Next group
374	0	0	0	0	0	0	0	0	0
64	0	0	0	0	0	0	0	0	0

Next group
375	0	0	0	0	0	0	0	0	0
32	0	0	0	0	0	0	0	0	0

Next group
432	433	0	0	0	0	0	0	0	0
2	1	0	0	0	0	0	0	0	0

Next group
374	432	0	0	0	0	0	0	0	0
64	2	0	0	0	0	0	0	0	0

Next group
374	0	0	0	0	0	0	0	0	0
64	0	0	0	0	0	0	0	0	0

Next group
376	0	0	0	0	0	0	0	0	0
16	0	0	0	0	0	0	0	0	0

Next group
376	0	0	0	0	0	0	0	0	0
16	0	0	0	0	0	0	0	0	0

Next group
376	0	0	0	0	0	0	0	0	0
16	0	0	0	0	0	0	0	0	0

Next group
376	0	0	0	0	0	0	0	0	0
16	0	0	0	0	0	0	0	0	0

Next group
376	432	0	0	0	0	0	0	0	0
16	4	0	0	0	0	0	0	0	0

Next group
376	432	0	0	0	0	0	0	0	0
16	2	0	0	0	0	0	0	0	0

Next group
376	0	0	0	0	0	0	0	0	0
16	0	0	0	0	0	0	0	0	0

Next group
376	0	0	0	0	0	0	0	0	0
16	0	0	0	0	0	0	0	0	0

Next group
376	0	0	0	0	0	0	0	0	0
16	0	0	0	0	0	0	0	0	0

Next group
376	0	0	0	0	0	0	0	0	0
16	0	0	0	0	0	0	0	0	0

Next group
376	0	0	0	0	0	0	0	0	0
16	0	0	0	0	0	0	0	0	0

Next group
376	431	0	0	0	0	0	0	0	0
16	4	0	0	0	0	0	0	0	0

Next group
376	0	0	0	0	0	0	0	0	0
16	0	0	0	0	0	0	0	0	0

Next group
376	0	0	0	0	0	0	0	0	0
16	0	0	0	0	0	0	0	0	0

Next group
376	0	0	0	0	0	0	0	0	0
16	0	0	0	0	0	0	0	0	0

Next group
376	0	0	0	0	0	0	0	0	0
16	0	0	0	0	0	0	0	0	0

Next group
376	431	434	0	0	0	0	0	0	0
16	4	1	0	0	0	0	0	0	0

Next group
376	431	0	0	0	0	0	0	0	0
16	4	0	0	0	0	0	0	0	0

Next group
376	432	0	0	0	0	0	0	0	0
16	2	0	0	0	0	0	0	0	0

Next group
376	0	0	0	0	0	0	0	0	0
16	0	0	0	0	0	0	0	0	0

Next group
376	431	0	0	0	0	0	0	0	0
16	2	0	0	0	0	0	0	0	0

Next group
376	431	0	0	0	0	0	0	0	0
16	4	0	0	0	0	0	0	0	0

Next group
374	376	431	0	0	0	0	0	0	0
64	16	4	0	0	0	0	0	0	0

Next group
376	431	0	0	0	0	0	0	0	0
16	4	0	0	0	0	0	0	0	0

Next group
376	0	0	0	0	0	0	0	0	0
16	0	0	0	0	0	0	0	0	0

Next group
376	432	0	0	0	0	0	0	0	0
16	4	0	0	0	0	0	0	0	0

Next group
373	376	0	0	0	0	0	0	0	0
128	16	0	0	0	0	0	0	0	0

Next group
376	432	0	0	0	0	0	0	0	0
16	4	0	0	0	0	0	0	0	0

Next group
376	0	0	0	0	0	0	0	0	0
16	0	0	0	0	0	0	0	0	0

Next group
376	432	0	0	0	0	0	0	0	0
16	4	0	0	0	0	0	0	0	0

Next group
376	0	0	0	0	0	0	0	0	0
16	0	0	0	0	0	0	0	0	0

Next group
376	432	0	0	0	0	0	0	0	0
16	4	0	0	0	0	0	0	0	0

Next group
376	0	0	0	0	0	0	0	0	0
16	0	0	0	0	0	0	0	0	0

Next group
374	376	431	0	0	0	0	0	0	0
64	16	4	0	0	0	0	0	0	0

Next group
374	376	431	0	0	0	0	0	0	0
64	16	4	0	0	0	0	0	0	0

Next group
376	0	0	0	0	0	0	0	0	0
16	0	0	0	0	0	0	0	0	0

Next group
376	432	0	0	0	0	0	0	0	0
16	2	0	0	0	0	0	0	0	0

Next group
376	0	0	0	0	0	0	0	0	0
16	0	0	0	0	0	0	0	0	0

Next group
376	432	0	0	0	0	0	0	0	0
16	2	0	0	0	0	0	0	0	0

Next group
431	0	0	0	0	0	0	0	0	0
4	0	0	0	0	0	0	0	0	0

Next group
431	0	0	0	0	0	0	0	0	0
4	0	0	0	0	0	0	0	0	0

Next group
376	0	0	0	0	0	0	0	0	0
16	0	0	0	0	0	0	0	0	0

Next group
376	0	0	0	0	0	0	0	0	0
16	0	0	0	0	0	0	0	0	0
New data
(address : error)New data
(address : error)New data
(address : error)New data
(address : error)New data
(address : error)
Next group
379	380	435	1536	0	0	0	0	0	0
4	2	1	6	0	0	0	0	0	0
New data
(address : error)
Next group
432	0	0	0	0	0	0	0	0	0
4	0	0	0	0	0	0	0	0	0

Next group
432	0	0	0	0	0	0	0	0	0
4	0	0	0	0	0	0	0	0	0

Next group
432	435	0	0	0	0	0	0	0	0
8	1	0	0	0	0	0	0	0	0

Next group
435	0	0	0	0	0	0	0	0	0
1	0	0	0	0	0	0	0	0	0

Next group
376	434	0	0	0	0	0	0	0	0
64	2	0	0	0	0	0	0	0	0

Next group
432	435	0	0	0	0	0	0	0	0
8	1	0	0	0	0	0	0	0	0

Next group
377	432	0	0	0	0	0	0	0	0
32	4	0	0	0	0	0	0	0	0

Next group
432	433	0	0	0	0	0	0	0	0
4	2	0	0	0	0	0	0	0	0

Next group
376	0	0	0	0	0	0	0	0	0
64	0	0	0	0	0	0	0	0	0

Next group
376	433	0	0	0	0	0	0	0	0
64	2	0	0	0	0	0	0	0	0

Next group
431	435	0	0	0	0	0	0	0	0
8	1	0	0	0	0	0	0	0	0

Next group
376	434	0	0	0	0	0	0	0	0
64	2	0	0	0	0	0	0	0	0

Next group
376	377	431	0	0	0	0	0	0	0
64	32	8	0	0	0	0	0	0	0

Next group
377	431	0	0	0	0	0	0	0	0
32	4	0	0	0	0	0	0	0	0

Next group
377	431	0	0	0	0	0	0	0	0
32	4	0	0	0	0	0	0	0	0

Next group
377	0	0	0	0	0	0	0	0	0
32	0	0	0	0	0	0	0	0	0

Next group
377	432	433	0	0	0	0	0	0	0
32	4	2	0	0	0	0	0	0	0

Next group
431	434	0	0	0	0	0	0	0	0
8	2	0	0	0	0	0	0	0	0
New data
(address : error)New data
(address : error)New data
(address : error)New data
(address : error)
Next group
376	377	0	0	0	0	0	0	0	0
64	32	0	0	0	0	0	0	0	0

Next group
377	432	433	0	0	0	0	0	0	0
32	4	2	0	0	0	0	0	0	0

Next group
432	0	0	0	0	0	0	0	0	0
4	0	0	0	0	0	0	0	0	0

Next group
376	377	435	0	0	0	0	0	0	0
64	32	1	0	0	0	0	0	0	0

Next group
377	0	0	0	0	0	0	0	0	0
32	0	0	0	0	0	0	0	0	0

Next group
377	0	0	0	0	0	0	0	0	0
32	0	0	0	0	0	0	0	0	0

Next group
377	0	0	0	0	0	0	0	0	0
32	0	0	0	0	0	0	0	0	0

Next group
1536	0	0	0	0	0	0	0	0	0
6	0	0	0	0	0	0	0	0	0

Next group
376	377	0	0	0	0	0	0	0	0
64	32	0	0	0	0	0	0	0	0

Next group
377	432	0	0	0	0	0	0	0	0
32	2	0	0	0	0	0	0	0	0

Next group
376	377	0	0	0	0	0	0	0	0
64	32	0	0	0	0	0	0	0	0

Next group
377	431	0	0	0	0	0	0	0	0
32	4	0	0	0	0	0	0	0	0

Next group
432	0	0	0	0	0	0	0	0	0
4	0	0	0	0	0	0	0	0	0

Next group
376	377	0	0	0	0	0	0	0	0
64	32	0	0	0	0	0	0	0	0

Next group
377	431	433	0	0	0	0	0	0	0
32	4	2	0	0	0	0	0	0	0

Next group
377	431	433	0	0	0	0	0	0	0
32	4	2	0	0	0	0	0	0	0

Next group
376	377	0	0	0	0	0	0	0	0
64	32	0	0	0	0	0	0	0	0

Next group
377	431	0	0	0	0	0	0	0	0
32	4	0	0	0	0	0	0	0	0

Next group
376	377	0	0	0	0	0	0	0	0
64	32	0	0	0	0	0	0	0	0

Next group
377	0	0	0	0	0	0	0	0	0
32	0	0	0	0	0	0	0	0	0

Next group
377	431	0	0	0	0	0	0	0	0
32	4	0	0	0	0	0	0	0	0

Next group
377	433	0	0	0	0	0	0	0	0
32	2	0	0	0	0	0	0	0	0

Next group
377	432	433	0	0	0	0	0	0	0
32	4	2	0	0	0	0	0	0	0

Next group
376	431	0	0	0	0	0	0	0	0
64	4	0	0	0	0	0	0	0	0

Next group
431	0	0	0	0	0	0	0	0	0
4	0	0	0	0	0	0	0	0	0

Next group
432	435	0	0	0	0	0	0	0	0
4	1	0	0	0	0	0	0	0	0

Next group
433	0	0	0	0	0	0	0	0	0
2	0	0	0	0	0	0	0	0	0

Next group
376	431	0	0	0	0	0	0	0	0
64	4	0	0	0	0	0	0	0	0

Next group
432	434	0	0	0	0	0	0	0	0
2	1	0	0	0	0	0	0	0	0

Next group
431	0	0	0	0	0	0	0	0	0
4	0	0	0	0	0	0	0	0	0

Next group
431	0	0	0	0	0	0	0	0	0
4	0	0	0	0	0	0	0	0	0
New data
(address : error)New data
(address : error)New data
(address : error)New data
(address : error)
Next group
374	0	0	0	0	0	0	0	0	0
128	0	0	0	0	0	0	0	0	0

Next group
377	432	0	0	0	0	0	0	0	0
64	1	0	0	0	0	0	0	0	0

Next group
377	380	433	0	0	0	0	0	0	0
64	4	1	0	0	0	0	0	0	0

Next group
377	0	0	0	0	0	0	0	0	0
64	0	0	0	0	0	0	0	0	0

Next group
377	0	0	0	0	0	0	0	0	0
64	0	0	0	0	0	0	0	0	0

Next group
380	0	0	0	0	0	0	0	0	0
4	0	0	0	0	0	0	0	0	0

Next group
378	0	0	0	0	0	0	0	0	0
32	0	0	0	0	0	0	0	0	0

Next group
377	432	0	0	0	0	0	0	0	0
64	8	0	0	0	0	0	0	0	0

Next group
436	0	0	0	0	0	0	0	0	0
1	0	0	0	0	0	0	0	0	0

Next group
377	432	433	0	0	0	0	0	0	0
64	4	4	0	0	0	0	0	0	0

Next group
377	433	0	0	0	0	0	0	0	0
64	2	0	0	0	0	0	0	0	0

Next group
377	378	0	0	0	0	0	0	0	0
64	32	0	0	0	0	0	0	0	0

Next group
377	0	0	0	0	0	0	0	0	0
64	0	0	0	0	0	0	0	0	0

Next group
377	0	0	0	0	0	0	0	0	0
64	0	0	0	0	0	0	0	0	0

Next group
377	0	0	0	0	0	0	0	0	0
64	0	0	0	0	0	0	0	0	0

Next group
377	0	0	0	0	0	0	0	0	0
64	0	0	0	0	0	0	0	0	0

Next group
377	432	0	0	0	0	0	0	0	0
64	1	0	0	0	0	0	0	0	0

Next group
377	0	0	0	0	0	0	0	0	0
64	0	0	0	0	0	0	0	0	0

Next group
377	432	0	0	0	0	0	0	0	0
64	2	0	0	0	0	0	0	0	0

Next group
377	432	0	0	0	0	0	0	0	0
64	2	0	0	0	0	0	0	0	0

Next group
377	432	0	0	0	0	0	0	0	0
64	4	0	0	0	0	0	0	0	0

Next group
380	0	0	0	0	0	0	0	0	0
4	0	0	0	0	0	0	0	0	0

Next group
377	436	0	0	0	0	0	0	0	0
64	1	0	0	0	0	0	0	0	0

Next group
377	432	0	0	0	0	0	0	0	0
64	4	0	0	0	0	0	0	0	0

Next group
377	0	0	0	0	0	0	0	0	0
64	0	0	0	0	0	0	0	0	0

Next group
377	0	0	0	0	0	0	0	0	0
64	0	0	0	0	0	0	0	0	0

Next group
377	431	432	0	0	0	0	0	0	0
64	1	1	0	0	0	0	0	0	0

Next group
377	431	433	0	0	0	0	0	0	0
64	2	1	0	0	0	0	0	0	0

Next group
375	377	379	431	0	0	0	0	0	0
128	64	8	4	0	0	0	0	0	0

Next group
377	0	0	0	0	0	0	0	0	0
64	0	0	0	0	0	0	0	0	0

Next group
377	0	0	0	0	0	0	0	0	0
64	0	0	0	0	0	0	0	0	0

Next group
377	0	0	0	0	0	0	0	0	0
64	0	0	0	0	0	0	0	0	0

Next group
377	435	0	0	0	0	0	0	0	0
64	1	0	0	0	0	0	0	0	0

Next group
377	0	0	0	0	0	0	0	0	0
64	0	0	0	0	0	0	0	0	0

Next group
377	432	0	0	0	0	0	0	0	0
64	2	0	0	0	0	0	0	0	0

Next group
377	0	0	0	0	0	0	0	0	0
64	0	0	0	0	0	0	0	0	0

Next group
377	432	0	0	0	0	0	0	0	0
64	1	0	0	0	0	0	0	0	0
New data
(address : error)New data
(address : error)
Next group
377	1792	0	0	0	0	0	0	0	0
64	7	0	0	0	0	0	0	0	0

Next group
377	0	0	0	0	0	0	0	0	0
64	0	0	0	0	0	0	0	0	0

Next group
432	0	0	0	0	0	0	0	0	0
2	0	0	0	0	0	0	0	0	0

Next group
432	0	0	0	0	0	0	0	0	0
2	0	0	0	0	0	0	0	0	0

Next group
377	432	0	0	0	0	0	0	0	0
64	2	0	0	0	0	0	0	0	0

Next group
377	432	0	0	0	0	0	0	0	0
64	2	0	0	0	0	0	0	0	0

Next group
432	0	0	0	0	0	0	0	0	0
2	0	0	0	0	0	0	0	0	0

Next group
432	0	0	0	0	0	0	0	0	0
2	0	0	0	0	0	0	0	0	0

Next group
432	0	0	0	0	0	0	0	0	0
1	0	0	0	0	0	0	0	0	0

Next group
377	0	0	0	0	0	0	0	0	0
64	0	0	0	0	0	0	0	0	0

Next group
432	0	0	0	0	0	0	0	0	0
2	0	0	0	0	0	0	0	0	0

Next group
432	0	0	0	0	0	0	0	0	0
2	0	0	0	0	0	0	0	0	0

Next group
432	0	0	0	0	0	0	0	0	0
2	0	0	0	0	0	0	0	0	0

Next group
433	0	0	0	0	0	0	0	0	0
1	0	0	0	0	0	0	0	0	0

Next group
434	0	0	0	0	0	0	0	0	0
1	0	0	0	0	0	0	0	0	0

Next group
432	0	0	0	0	0	0	0	0	0
2	0	0	0	0	0	0	0	0	0

Next group
433	0	0	0	0	0	0	0	0	0
1	0	0	0	0	0	0	0	0	0

Next group
256	0	0	0	0	0	0	0	0	0
1	0	0	0	0	0	0	0	0	0

Next group
432	0	0	0	0	0	0	0	0	0
1	0	0	0	0	0	0	0	0	0

Next group
1024	0	0	0	0	0	0	0	0	0
4	0	0	0	0	0	0	0	0	0

Next group
431	434	0	0	0	0	0	0	0	0
2	1	0	0	0	0	0	0	0	0

Next group
376	431	434	0	0	0	0	0	0	0
128	2	1	0	0	0	0	0	0	0

Next group
432	0	0	0	0	0	0	0	0	0
2	0	0	0	0	0	0	0	0	0

Next group
432	0	0	0	0	0	0	0	0	0
2	0	0	0	0	0	0	0	0	0

Next group
376	431	0	0	0	0	0	0	0	0
128	2	0	0	0	0	0	0	0	0

Next group
433	0	0	0	0	0	0	0	0	0
1	0	0	0	0	0	0	0	0	0

Next group
431	0	0	0	0	0	0	0	0	0
2	0	0	0	0	0	0	0	0	0

Next group
376	431	434	0	0	0	0	0	0	0
128	2	1	0	0	0	0	0	0	0

Next group
376	434	0	0	0	0	0	0	0	0
128	1	0	0	0	0	0	0	0	0

Next group
376	431	0	0	0	0	0	0	0	0
128	2	0	0	0	0	0	0	0	0

Next group
432	0	0	0	0	0	0	0	0	0
2	0	0	0	0	0	0	0	0	0

Next group
431	0	0	0	0	0	0	0	0	0
2	0	0	0	0	0	0	0	0	0

Next group
375	0	0	0	0	0	0	0	0	0
128	0	0	0	0	0	0	0	0	0

Next group
375	382	432	0	0	0	0	0	0	0
128	1	1	0	0	0	0	0	0	0

Next group
433	0	0	0	0	0	0	0	0	0
1	0	0	0	0	0	0	0	0	0

Next group
433	0	0	0	0	0	0	0	0	0
1	0	0	0	0	0	0	0	0	0

Next group
431	0	0	0	0	0	0	0	0	0
2	0	0	0	0	0	0	0	0	0

Next group
431	432	433	0	0	0	0	0	0	0
2	2	1	0	0	0	0	0	0	0

Next group
376	432	0	0	0	0	0	0	0	0
128	2	0	0	0	0	0	0	0	0

Next group
432	0	0	0	0	0	0	0	0	0
2	0	0	0	0	0	0	0	0	0

Next group
434	0	0	0	0	0	0	0	0	0
1	0	0	0	0	0	0	0	0	0

Next group
376	431	0	0	0	0	0	0	0	0
128	2	0	0	0	0	0	0	0	0

Next group
376	431	432	433	0	0	0	0	0	0
128	2	2	1	0	0	0	0	0	0

Next group
431	0	0	0	0	0	0	0	0	0
2	0	0	0	0	0	0	0	0	0

Next group
376	431	0	0	0	0	0	0	0	0
128	2	0	0	0	0	0	0	0	0

Next group
377	431	0	0	0	0	0	0	0	0
64	2	0	0	0	0	0	0	0	0

Next group
377	379	0	0	0	0	0	0	0	0
64	16	0	0	0	0	0	0	0	0

Next group
377	379	0	0	0	0	0	0	0	0
64	16	0	0	0	0	0	0	0	0

Next group
376	377	0	0	0	0	0	0	0	0
128	64	0	0	0	0	0	0	0	0

Next group
377	432	0	0	0	0	0	0	0	0
64	1	0	0	0	0	0	0	0	0

Next group
376	431	0	0	0	0	0	0	0	0
128	2	0	0	0	0	0	0	0	0

Next group
376	431	432	434	0	0	0	0	0	0
128	2	2	1	0	0	0	0	0	0

Next group
377	432	0	0	0	0	0	0	0	0
64	2	0	0	0	0	0	0	0	0

Next group
431	0	0	0	0	0	0	0	0	0
2	0	0	0	0	0	0	0	0	0

Next group
431	0	0	0	0	0	0	0	0	0
2	0	0	0	0	0	0	0	0	0

Next group
431	433	434	0	0	0	0	0	0	0
2	1	1	0	0	0	0	0	0	0

Next group
376	431	433	0	0	0	0	0	0	0
128	2	1	0	0	0	0	0	0	0

Next group
431	0	0	0	0	0	0	0	0	0
2	0	0	0	0	0	0	0	0	0

Next group
376	0	0	0	0	0	0	0	0	0
128	0	0	0	0	0	0	0	0	0

Next group
376	0	0	0	0	0	0	0	0	0
128	0	0	0	0	0	0	0	0	0

Next group
376	0	0	0	0	0	0	0	0	0
128	0	0	0	0	0	0	0	0	0
New data
(address : error)
Next group
376	434	0	0	0	0	0	0	0	0
128	1	0	0	0	0	0	0	0	0

Next group
432	0	0	0	0	0	0	0	0	0
2	0	0	0	0	0	0	0	0	0

Next group
432	0	0	0	0	0	0	0	0	0
2	0	0	0	0	0	0	0	0	0

Next group
434	0	0	0	0	0	0	0	0	0
1	0	0	0	0	0	0	0	0	0

Next group
434	0	0	0	0	0	0	0	0	0
1	0	0	0	0	0	0	0	0	0

Next group
376	0	0	0	0	0	0	0	0	0
128	0	0	0	0	0	0	0	0	0

Next group
433	0	0	0	0	0	0	0	0	0
1	0	0	0	0	0	0	0	0	0

Next group
432	0	0	0	0	0	0	0	0	0
2	0	0	0	0	0	0	0	0	0

Next group
432	0	0	0	0	0	0	0	0	0
2	0	0	0	0	0	0	0	0	0

Next group
431	432	0	0	0	0	0	0	0	0
2	2	0	0	0	0	0	0	0	0

Next group
431	0	0	0	0	0	0	0	0	0
2	0	0	0	0	0	0	0	0	0

Next group
431	0	0	0	0	0	0	0	0	0
2	0	0	0	0	0	0	0	0	0

Next group
432	0	0	0	0	0	0	0	0	0
2	0	0	0	0	0	0	0	0	0

Next group
431	0	0	0	0	0	0	0	0	0
2	0	0	0	0	0	0	0	0	0

Next group
431	0	0	0	0	0	0	0	0	0
2	0	0	0	0	0	0	0	0	0

Next group
432	0	0	0	0	0	0	0	0	0
1	0	0	0	0	0	0	0	0	0

Next group
431	432	0	0	0	0	0	0	0	0
2	2	0	0	0	0	0	0	0	0

Next group
434	0	0	0	0	0	0	0	0	0
1	0	0	0	0	0	0	0	0	0

Next group
432	0	0	0	0	0	0	0	0	0
2	0	0	0	0	0	0	0	0	0

Next group
432	0	0	0	0	0	0	0	0	0
2	0	0	0	0	0	0	0	0	0

Next group
431	432	0	0	0	0	0	0	0	0
2	2	0	0	0	0	0	0	0	0

Next group
431	0	0	0	0	0	0	0	0	0
2	0	0	0	0	0	0	0	0	0

Next group
431	0	0	0	0	0	0	0	0	0
2	0	0	0	0	0	0	0	0	0

Next group
431	0	0	0	0	0	0	0	0	0
2	0	0	0	0	0	0	0	0	0

Next group
431	0	0	0	0	0	0	0	0	0
2	0	0	0	0	0	0	0	0	0

Next group
431	0	0	0	0	0	0	0	0	0
2	0	0	0	0	0	0	0	0	0

Next group
433	0	0	0	0	0	0	0	0	0
1	0	0	0	0	0	0	0	0	0

Next group
431	434	0	0	0	0	0	0	0	0
2	1	0	0	0	0	0	0	0	0

Next group
434	0	0	0	0	0	0	0	0	0
1	0	0	0	0	0	0	0	0	0

Next group
432	0	0	0	0	0	0	0	0	0
2	0	0	0	0	0	0	0	0	0

Next group
432	0	0	0	0	0	0	0	0	0
2	0	0	0	0	0	0	0	0	0

Next group
431	0	0	0	0	0	0	0	0	0
2	0	0	0	0	0	0	0	0	0
New data
(address : error)New data
(address : error)New data
(address : error)
Next group
432	0	0	0	0	0	0	0	0	0
2	0	0	0	0	0	0	0	0	0

Next group
432	0	0	0	0	0	0	0	0	0
2	0	0	0	0	0	0	0	0	0

Next group
432	0	0	0	0	0	0	0	0	0
2	0	0	0	0	0	0	0	0	0

Next group
432	0	0	0	0	0	0	0	0	0
2	0	0	0	0	0	0	0	0	0

Next group
1792	0	0	0	0	0	0	0	0	0
7	0	0	0	0	0	0	0	0	0

Next group
431	0	0	0	0	0	0	0	0	0
2	0	0	0	0	0	0	0	0	0

Next group
432	0	0	0	0	0	0	0	0	0
2	0	0	0	0	0	0	0	0	0

Next group
431	0	0	0	0	0	0	0	0	0
2	0	0	0	0	0	0	0	0	0

Next group
431	0	0	0	0	0	0	0	0	0
2	0	0	0	0	0	0	0	0	0

Next group
432	0	0	0	0	0	0	0	0	0
2	0	0	0	0	0	0	0	0	0

Next group
431	0	0	0	0	0	0	0	0	0
2	0	0	0	0	0	0	0	0	0

Next group
512	0	0	0	0	0	0	0	0	0
2	0	0	0	0	0	0	0	0	0
New data
(address : error)
Next group
512	0	0	0	0	0	0	0	0	0
2	0	0	0	0	0	0	0	0	0

Next group
512	0	0	0	0	0	0	0	0	0
2	0	0	0	0	0	0	0	0	0

Next group
768	0	0	0	0	0	0	0	0	0
3	0	0	0	0	0	0	0	0	0

Next group
431	0	0	0	0	0	0	0	0	0
2	0	0	0	0	0	0	0	0	0

Next group
1536	0	0	0	0	0	0	0	0	0
6	0	0	0	0	0	0	0	0	0

Next group
431	0	0	0	0	0	0	0	0	0
2	0	0	0	0	0	0	0	0	0

Next group
431	0	0	0	0	0	0	0	0	0
2	0	0	0	0	0	0	0	0	0

Next group
431	0	0	0	0	0	0	0	0	0
2	0	0	0	0	0	0	0	0	0

Next group
431	0	0	0	0	0	0	0	0	0
2	0	0	0	0	0	0	0	0	0
New data (address : error)
Date: 05-Apr-19	Time: 13:31

Next group
1024	0	0	0	0	0	0	0	0	0
4	0	0	0	0	0	0	0	0	0

Next group
1280	0	0	0	0	0	0	0	0	0
5	0	0	0	0	0	0	0	0	0

Next group
1792	0	0	0	0	0	0	0	0	0
7	0	0	0	0	0	0	0	0	0

Next group
1536	0	0	0	0	0	0	0	0	0
6	0	0	0	0	0	0	0	0	0

Next group
512	0	0	0	0	0	0	0	0	0
2	0	0	0	0	0	0	0	0	0
New data (address : error)
Date: 13-May-19	Time: 13:45
New data (address : error)
Date: 13-May-19	Time: 13:46
New data (address : error)
Date: 13-May-19	Time: 13:49
New data (address : error)
Date: 13-May-19	Time: 13:49
New data (address : error)
Date: 13-May-19	Time: 13:51
New data (address : error)
Date: 13-May-19	Time: 13:52
New data (address : error)
Date: 13-May-19	Time: 13:53
New data (address : error)
Date: 13-May-19	Time: 13:54

Next group
1536	1537	1538	1539	1540	1541	1542	1543	1544	1545
6	6	14	15	14	7	22	22	22	22

Next group
1536	1537	1538	1539	1540	1541	1542	1543	1544	1545
2	2	10	11	11	3	2	18	18	2

Next group
1280	1536	1537	1538	1539	1540	1541	1542	1543	1544
5	2	2	2	3	3	3	10	26	18

Next group
1536	1537	1538	1539	1540	1541	1542	1543	1544	1545
2	2	2	2	3	3	2	2	2	2

Next group
256	1536	1537	1538	1539	1540	1541	1542	1543	1544
1	2	2	2	3	3	3	2	2	2

Next group
1536	1537	1538	1539	1540	1541	1542	1543	1544	1545
2	2	2	3	3	3	2	2	2	2

Next group
1536	1537	1538	1539	1540	1541	1542	1543	1544	1545
2	2	2	3	3	3	2	2	2	2

Next group
1536	1537	1538	1539	1540	1541	1542	1543	1544	1545
2	2	2	3	3	3	2	2	2	2

Next group
1536	1537	1538	1539	1540	1541	1542	1543	1544	1545
2	2	2	3	3	3	2	2	2	2

Next group
1536	1537	1538	1539	1540	1541	1542	1543	1544	1545
2	2	2	3	3	3	2	2	2	2

Next group
1536	1537	1538	1539	1540	1541	1542	1543	1544	1545
2	2	2	3	3	3	2	2	2	2

Next group
1536	1537	1538	1539	1540	1541	1542	1543	1544	1545
6	6	6	7	7	7	70	102	102	102

Next group
1536	1537	1538	1539	1540	1541	1542	1543	1544	1545
2	2	2	3	3	3	2	2	2	2

Next group
1536	1537	1538	1539	1540	1541	1542	1543	1544	1545
2	2	2	3	3	3	18	18	18	2

Next group
1536	1537	1538	1539	1540	1541	1542	1543	1544	1545
2	2	2	3	3	11	10	10	130	130

Next group
1536	1537	1538	1539	1540	1541	1542	1543	1544	1545
6	6	6	135	135	135	150	150	150	134

Next group
1536	1537	1538	1539	1540	1541	1542	1543	1544	1545
2	2	2	131	131	131	146	146	146	130

Next group
1536	1537	1538	1539	1540	1541	1542	1543	1544	1545
2	2	2	3	3	1	2	2	2	2

Next group
1536	1537	1538	1539	1540	1541	1542	1543	1544	1545
2	2	2	3	3	1	18	50	178	162

Next group
1536	1537	1538	1539	1540	1541	1542	1543	1544	1545
2	34	34	35	35	33	34	34	34	34

Next group
256	1536	1537	1538	1539	1540	1541	1542	1543	1544
1	6	6	6	135	135	133	134	134	134

Next group
1536	1537	1538	1539	1540	1541	1542	1543	1544	1545
6	6	6	135	135	133	134	134	134	134

Next group
1536	1537	1538	1539	1540	1541	1542	1543	1544	1545
2	2	2	3	3	1	2	2	2	2

Next group
1536	1537	1538	1539	1540	1541	1542	1543	1544	1545
2	2	2	3	3	1	2	2	2	2

Next group
1536	1537	1538	1539	1540	1541	1542	1543	1544	1545
2	2	34	35	35	33	34	34	34	34

Next group
1536	1537	1538	1539	1540	1541	1542	1543	1544	1545
2	2	2	3	3	1	2	2	2	2

Next group
512	1536	1537	1538	1539	1540	1541	1542	1543	1544
2	2	2	2	3	3	1	2	2	2

Next group
1536	1537	1538	1539	1540	1541	1542	1543	1544	1545
2	2	2	3	3	1	2	2	2	2

Next group
1536	1537	1538	1539	1540	1541	1542	1543	1544	1545
2	2	2	3	3	1	2	2	2	2

Next group
1536	1537	1538	1539	1540	1541	1542	1543	1544	1545
2	2	2	3	3	1	2	2	2	2

Next group
1536	1537	1538	1539	1540	1541	1542	1543	1544	1545
2	2	2	3	3	1	2	2	2	2

Next group
1536	1537	1538	1539	1540	1541	1542	1543	1544	1545
2	2	2	3	3	1	2	2	2	2

Next group
1536	1537	1538	1539	1540	1541	1542	1543	1544	1545
2	2	34	34	35	5	2	2	2	2

Next group
1536	1537	1538	1539	1540	1541	1542	1543	1544	1545
2	2	2	3	3	1	2	2	2	2

Next group
1024	1536	1537	1538	1539	1540	1541	1542	1543	1544
4	2	2	2	3	3	1	2	2	2

Next group
1536	1537	1538	1539	1540	1541	1542	1543	1544	1545
66	10	10	11	11	9	10	10	2	2

Next group
1536	1537	1538	1539	1540	1541	1542	1543	1544	1545
2	2	2	3	3	1	2	2	2	2

Next group
1536	1537	1538	1539	1540	1541	1542	1543	1544	1545
2	34	34	35	35	37	2	2	2	2

Next group
1536	1537	1538	1539	1540	1541	1542	1543	1544	1545
2	10	10	11	11	41	106	106	98	98

Next group
1539	1540	1541	0	0	0	0	0	0	0
1	1	1	0	0	0	0	0	0	0

Next group
1539	1540	1541	1542	1543	1544	1545	1546	1547	1548
129	129	165	160	160	160	160	48	16	16

Next group
1539	1540	1541	1546	1547	1548	1549	1550	1551	1608
2	1	5	16	16	16	16	16	16	6

Next group
1539	1540	1541	0	0	0	0	0	0	0
1	1	1	0	0	0	0	0	0	0

Next group
1540	1541	0	0	0	0	0	0	0	0
5	1	0	0	0	0	0	0	0	0

Next group
1536	1537	1538	1539	1540	1541	1542	1543	1544	1545
2	2	3	2	2	3	2	2	2	2

Next group
1536	1537	1538	1539	1540	1541	1542	1543	1544	1545
2	2	3	3	3	3	2	2	2	2

Next group
1536	1537	1538	1539	1540	1541	1542	1543	1544	1545
11	11	15	11	11	11	11	11	11	11

Next group
1536	1537	1538	1539	1540	1541	1542	1543	1544	1545
146	146	147	146	146	147	146	146	146	146

Next group
1536	1537	1538	1539	1540	1541	1542	1543	1544	1545
2	2	3	2	2	3	2	2	2	2

Next group
1536	1537	1538	1539	1540	1541	1542	1543	1544	1545
146	146	147	146	146	147	146	146	146	146

Next group
1536	1537	1538	1539	1540	1541	1542	1543	1544	1545
2	2	3	2	2	3	2	2	2	2

Next group
1536	1537	1538	1539	1540	1541	1542	1543	1544	1545
10	10	11	10	10	11	10	10	10	10

Next group
1024	1536	1537	1538	1539	1540	1541	1542	1543	1544
4	146	146	147	146	146	147	146	146	146

Next group
1024	1536	1537	1538	1539	1540	1541	1542	1543	1544
4	130	130	131	130	130	131	130	130	130

Next group
1536	1537	1538	1539	1540	1541	1542	1543	1544	1545
14	14	15	14	14	15	14	14	14	14

Next group
1536	1537	1538	1539	1540	1541	1542	1543	1544	1545
138	138	139	138	138	139	138	138	138	138

Next group
1536	1537	1538	1539	1540	1541	1542	1543	1544	1545
98	98	99	98	98	99	98	98	98	98
New data (address : error)
Date: 13-May-19	Time: 14:10
New data (address : error)
Date: 13-May-19	Time: 14:11
New data (address : error)
Date: 13-May-19	Time: 14:12
New data (address : error)
Date: 13-May-19	Time: 14:13
New data (address : error)
Date: 13-May-19	Time: 14:14

Next group
1536	1537	1538	1539	1540	1541	1542	1543	1544	1545
6	17	17	17	17	17	17	17	17	17

Next group
1539	1541	0	0	0	0	0	0	0	0
1	1	0	0	0	0	0	0	0	0

Next group
1539	1541	0	0	0	0	0	0	0	0
1	1	0	0	0	0	0	0	0	0

Next group
1539	1541	0	0	0	0	0	0	0	0
1	1	0	0	0	0	0	0	0	0

Next group
1539	1541	0	0	0	0	0	0	0	0
1	1	0	0	0	0	0	0	0	0

Next group
1539	1541	0	0	0	0	0	0	0	0
1	1	0	0	0	0	0	0	0	0

Next group
1539	1541	0	0	0	0	0	0	0	0
1	1	0	0	0	0	0	0	0	0

Next group
1539	1541	0	0	0	0	0	0	0	0
1	1	0	0	0	0	0	0	0	0

Next group
1539	1541	0	0	0	0	0	0	0	0
1	1	0	0	0	0	0	0	0	0

Next group
1539	1541	0	0	0	0	0	0	0	0
1	1	0	0	0	0	0	0	0	0

Next group
1539	1541	0	0	0	0	0	0	0	0
1	1	0	0	0	0	0	0	0	0

Next group
1539	1541	0	0	0	0	0	0	0	0
1	1	0	0	0	0	0	0	0	0

Next group
1539	1541	0	0	0	0	0	0	0	0
1	1	0	0	0	0	0	0	0	0

Next group
1539	1541	0	0	0	0	0	0	0	0
1	1	0	0	0	0	0	0	0	0

Next group
1539	1541	0	0	0	0	0	0	0	0
1	1	0	0	0	0	0	0	0	0

Next group
1539	1541	0	0	0	0	0	0	0	0
1	1	0	0	0	0	0	0	0	0

Next group
1539	1541	0	0	0	0	0	0	0	0
1	1	0	0	0	0	0	0	0	0

Next group
1539	1541	0	0	0	0	0	0	0	0
1	1	0	0	0	0	0	0	0	0

Next group
1539	1541	0	0	0	0	0	0	0	0
1	1	0	0	0	0	0	0	0	0

Next group
1539	1541	0	0	0	0	0	0	0	0
1	1	0	0	0	0	0	0	0	0

Next group
1539	1541	0	0	0	0	0	0	0	0
1	1	0	0	0	0	0	0	0	0

Next group
1539	1541	0	0	0	0	0	0	0	0
1	1	0	0	0	0	0	0	0	0

Next group
1539	1541	0	0	0	0	0	0	0	0
1	1	0	0	0	0	0	0	0	0

Next group
1539	1541	0	0	0	0	0	0	0	0
1	1	0	0	0	0	0	0	0	0

Next group
1539	1541	0	0	0	0	0	0	0	0
1	1	0	0	0	0	0	0	0	0

Next group
1280	1539	1541	0	0	0	0	0	0	0
5	1	1	0	0	0	0	0	0	0

Next group
1539	1541	0	0	0	0	0	0	0	0
1	1	0	0	0	0	0	0	0	0

Next group
1539	1541	0	0	0	0	0	0	0	0
1	1	0	0	0	0	0	0	0	0

Next group
1536	1537	1538	1539	1540	1541	1542	1543	1544	1545
1	1	1	1	1	1	1	1	1	1

Next group
1024	1539	1541	0	0	0	0	0	0	0
4	1	1	0	0	0	0	0	0	0

Next group
1539	1541	0	0	0	0	0	0	0	0
1	1	0	0	0	0	0	0	0	0

Next group
1539	1541	0	0	0	0	0	0	0	0
1	1	0	0	0	0	0	0	0	0

Next group
1539	1541	0	0	0	0	0	0	0	0
1	1	0	0	0	0	0	0	0	0

Next group
1539	1541	0	0	0	0	0	0	0	0
1	1	0	0	0	0	0	0	0	0

Next group
1539	1541	0	0	0	0	0	0	0	0
1	1	0	0	0	0	0	0	0	0

Next group
1539	1541	0	0	0	0	0	0	0	0
1	1	0	0	0	0	0	0	0	0

Next group
1024	1539	1541	0	0	0	0	0	0	0
4	1	1	0	0	0	0	0	0	0

Next group
1539	1541	0	0	0	0	0	0	0	0
1	1	0	0	0	0	0	0	0	0

Next group
1539	1541	0	0	0	0	0	0	0	0
1	1	0	0	0	0	0	0	0	0

Next group
1539	1541	0	0	0	0	0	0	0	0
1	1	0	0	0	0	0	0	0	0

Next group
1539	1541	0	0	0	0	0	0	0	0
1	1	0	0	0	0	0	0	0	0

Next group
1539	1541	0	0	0	0	0	0	0	0
1	1	0	0	0	0	0	0	0	0

Next group
1539	1541	0	0	0	0	0	0	0	0
1	1	0	0	0	0	0	0	0	0

Next group
1539	1541	0	0	0	0	0	0	0	0
1	1	0	0	0	0	0	0	0	0

Next group
1280	1539	1541	0	0	0	0	0	0	0
5	1	1	0	0	0	0	0	0	0

Next group
1539	1541	0	0	0	0	0	0	0	0
1	1	0	0	0	0	0	0	0	0
New data (address : error)
Date: 13-May-19	Time: 14:22
New data (address : error)
Date: 13-May-19	Time: 14:23
New data (address : error)
Date: 13-May-19	Time: 14:26

Next group
1539	1541	0	0	0	0	0	0	0	0
1	1	0	0	0	0	0	0	0	0

Next group
1539	1541	0	0	0	0	0	0	0	0
1	1	0	0	0	0	0	0	0	0

Next group
1539	1541	0	0	0	0	0	0	0	0
1	1	0	0	0	0	0	0	0	0

Next group
1539	1541	0	0	0	0	0	0	0	0
1	1	0	0	0	0	0	0	0	0

Next group
1539	1541	0	0	0	0	0	0	0	0
1	1	0	0	0	0	0	0	0	0

Next group
1539	1541	0	0	0	0	0	0	0	0
1	1	0	0	0	0	0	0	0	0

Next group
512	1539	1541	0	0	0	0	0	0	0
2	1	1	0	0	0	0	0	0	0

Next group
1539	1541	0	0	0	0	0	0	0	0
1	1	0	0	0	0	0	0	0	0

Next group
1539	1541	0	0	0	0	0	0	0	0
1	1	0	0	0	0	0	0	0	0

Next group
1539	1541	0	0	0	0	0	0	0	0
1	1	0	0	0	0	0	0	0	0

Next group
1024	1539	1541	0	0	0	0	0	0	0
4	1	1	0	0	0	0	0	0	0

Next group
1539	1541	0	0	0	0	0	0	0	0
1	1	0	0	0	0	0	0	0	0

Next group
1539	1541	0	0	0	0	0	0	0	0
1	1	0	0	0	0	0	0	0	0

Next group
1539	1541	0	0	0	0	0	0	0	0
1	1	0	0	0	0	0	0	0	0

Next group
1536	1537	1538	1539	1540	1541	1542	1543	1544	1545
1	1	1	1	1	1	1	1	1	1

Next group
1539	1541	0	0	0	0	0	0	0	0
1	1	0	0	0	0	0	0	0	0

Next group
1539	1541	1792	0	0	0	0	0	0	0
1	1	7	0	0	0	0	0	0	0

Next group
1539	1541	0	0	0	0	0	0	0	0
1	1	0	0	0	0	0	0	0	0

Next group
1536	1537	1538	1539	1540	1541	1542	1543	1544	1545
1	1	1	1	1	1	1	1	1	1

Next group
1539	1541	1609	0	0	0	0	0	0	0
1	1	1	0	0	0	0	0	0	0

Next group
1539	1541	0	0	0	0	0	0	0	0
1	1	0	0	0	0	0	0	0	0

Next group
1539	1541	0	0	0	0	0	0	0	0
1	1	0	0	0	0	0	0	0	0

Next group
1539	1541	0	0	0	0	0	0	0	0
1	1	0	0	0	0	0	0	0	0

Next group
1539	1541	0	0	0	0	0	0	0	0
1	1	0	0	0	0	0	0	0	0

Next group
1539	1541	0	0	0	0	0	0	0	0
1	1	0	0	0	0	0	0	0	0

Next group
1539	1541	0	0	0	0	0	0	0	0
1	1	0	0	0	0	0	0	0	0

Next group
1536	1537	1538	1539	1540	1541	1542	1543	1544	1545
16	16	16	17	16	17	16	16	16	16

Next group
1536	1539	1541	1608	1609	0	0	0	0	0
6	1	1	6	6	0	0	0	0	0

Next group
1539	1541	1608	1609	0	0	0	0	0	0
1	1	2	4	0	0	0	0	0	0

Next group
1539	1541	0	0	0	0	0	0	0	0
1	1	0	0	0	0	0	0	0	0

Next group
1539	1541	0	0	0	0	0	0	0	0
1	1	0	0	0	0	0	0	0	0

Next group
1539	1541	0	0	0	0	0	0	0	0
1	1	0	0	0	0	0	0	0	0

Next group
1539	1541	0	0	0	0	0	0	0	0
1	1	0	0	0	0	0	0	0	0

Next group
1280	1541	0	0	0	0	0	0	0	0
5	1	0	0	0	0	0	0	0	0

Next group
1539	1541	0	0	0	0	0	0	0	0
1	1	0	0	0	0	0	0	0	0

Next group
1539	1541	1609	0	0	0	0	0	0	0
1	1	8	0	0	0	0	0	0	0

Next group
1536	1537	1538	1539	1540	1541	1542	1543	1544	1545
16	16	16	17	16	17	16	16	16	16

Next group
1539	1541	0	0	0	0	0	0	0	0
1	1	0	0	0	0	0	0	0	0

Next group
1539	1541	0	0	0	0	0	0	0	0
1	1	0	0	0	0	0	0	0	0

Next group
1539	1541	0	0	0	0	0	0	0	0
1	1	0	0	0	0	0	0	0	0

Next group
1539	1541	0	0	0	0	0	0	0	0
1	1	0	0	0	0	0	0	0	0

Next group
1539	1541	0	0	0	0	0	0	0	0
1	1	0	0	0	0	0	0	0	0

Next group
1539	1541	1608	1609	0	0	0	0	0	0
1	1	20	48	0	0	0	0	0	0

Next group
1539	1541	0	0	0	0	0	0	0	0
1	1	0	0	0	0	0	0	0	0

Next group
1539	1541	0	0	0	0	0	0	0	0
1	1	0	0	0	0	0	0	0	0
New data (address : error)
Date: 13-May-19	Time: 14:34
New data (address : error)
Date: 13-May-19	Time: 14:34

Next group
1539	1541	0	0	0	0	0	0	0	0
1	1	0	0	0	0	0	0	0	0

Next group
1539	1541	0	0	0	0	0	0	0	0
1	1	0	0	0	0	0	0	0	0

Next group
256	768	1539	1541	0	0	0	0	0	0
1	3	1	1	0	0	0	0	0	0

Next group
1539	1541	0	0	0	0	0	0	0	0
1	1	0	0	0	0	0	0	0	0

Next group
1539	1541	0	0	0	0	0	0	0	0
1	1	0	0	0	0	0	0	0	0

Next group
1539	1541	0	0	0	0	0	0	0	0
1	1	0	0	0	0	0	0	0	0

Next group
1539	1541	0	0	0	0	0	0	0	0
1	1	0	0	0	0	0	0	0	0

Next group
1539	1541	0	0	0	0	0	0	0	0
1	1	0	0	0	0	0	0	0	0

Next group
1536	1537	1538	1539	1540	1541	1542	1543	1544	1545
1	1	1	1	1	1	1	1	1	1

Next group
1539	1541	0	0	0	0	0	0	0	0
1	1	0	0	0	0	0	0	0	0

Next group
1539	1541	0	0	0	0	0	0	0	0
1	1	0	0	0	0	0	0	0	0

Next group
1536	1537	1538	1539	1540	1541	1542	1543	1544	1545
1	1	1	1	1	1	1	1	1	1

Next group
1539	1541	0	0	0	0	0	0	0	0
1	1	0	0	0	0	0	0	0	0

Next group
1539	1541	0	0	0	0	0	0	0	0
1	1	0	0	0	0	0	0	0	0

Next group
1536	1537	1538	1539	1540	1541	1542	1543	1544	1545
6	8	8	9	8	9	8	8	8	8

Next group
1541	0	0	0	0	0	0	0	0	0
1	0	0	0	0	0	0	0	0	0

Next group
1539	1541	1608	0	0	0	0	0	0	0
1	1	1	0	0	0	0	0	0	0

Next group
1536	1537	1538	1539	1540	1541	1542	1543	1544	1545
1	1	1	1	1	1	1	1	1	1

Next group
1539	1541	0	0	0	0	0	0	0	0
1	1	0	0	0	0	0	0	0	0

Next group
1539	0	0	0	0	0	0	0	0	0
1	0	0	0	0	0	0	0	0	0

Next group
1539	1541	0	0	0	0	0	0	0	0
1	1	0	0	0	0	0	0	0	0

Next group
1539	1541	0	0	0	0	0	0	0	0
1	1	0	0	0	0	0	0	0	0

Next group
1539	1541	0	0	0	0	0	0	0	0
1	1	0	0	0	0	0	0	0	0

Next group
1536	1537	1538	1539	1540	1541	1542	1543	1544	1545
1	1	1	1	1	1	1	1	1	1

Next group
1539	1541	0	0	0	0	0	0	0	0
1	1	0	0	0	0	0	0	0	0

Next group
768	1539	1541	0	0	0	0	0	0	0
3	1	1	0	0	0	0	0	0	0

Next group
1539	1541	0	0	0	0	0	0	0	0
1	1	0	0	0	0	0	0	0	0

Next group
1539	1541	0	0	0	0	0	0	0	0
1	1	0	0	0	0	0	0	0	0

Next group
1536	1537	1538	1539	1540	1541	1542	1543	1544	1545
128	128	128	129	128	129	128	128	128	128

Next group
1539	1541	0	0	0	0	0	0	0	0
1	1	0	0	0	0	0	0	0	0

Next group
1539	1541	0	0	0	0	0	0	0	0
1	1	0	0	0	0	0	0	0	0

Next group
1539	1541	0	0	0	0	0	0	0	0
1	1	0	0	0	0	0	0	0	0

Next group
768	1539	1541	0	0	0	0	0	0	0
3	1	1	0	0	0	0	0	0	0

Next group
1536	1539	1541	0	0	0	0	0	0	0
6	1	1	0	0	0	0	0	0	0

Next group
1539	1541	0	0	0	0	0	0	0	0
1	1	0	0	0	0	0	0	0	0

Next group
1539	1541	0	0	0	0	0	0	0	0
1	1	0	0	0	0	0	0	0	0

Next group
512	1539	1541	0	0	0	0	0	0	0
2	1	1	0	0	0	0	0	0	0

Next group
1539	1541	0	0	0	0	0	0	0	0
1	1	0	0	0	0	0	0	0	0

Next group
512	1539	1541	0	0	0	0	0	0	0
2	1	1	0	0	0	0	0	0	0

Next group
1536	1537	1538	1539	1540	1541	1542	1543	1544	1545
1	1	1	1	1	1	1	1	1	1

Next group
1539	1541	1607	0	0	0	0	0	0	0
1	1	1	0	0	0	0	0	0	0

Next group
1539	1541	0	0	0	0	0	0	0	0
1	1	0	0	0	0	0	0	0	0

Next group
1539	1541	0	0	0	0	0	0	0	0
1	1	0	0	0	0	0	0	0	0

Next group
1539	1541	0	0	0	0	0	0	0	0
1	1	0	0	0	0	0	0	0	0

Next group
1539	1541	0	0	0	0	0	0	0	0
1	1	0	0	0	0	0	0	0	0

Next group
1539	1541	0	0	0	0	0	0	0	0
1	1	0	0	0	0	0	0	0	0

Next group
1536	1537	1538	1539	1540	1541	1542	1543	1544	1545
1	1	1	1	1	1	1	1	1	1

Next group
1539	1541	0	0	0	0	0	0	0	0
1	1	0	0	0	0	0	0	0	0
New data (address : error)
Date: 13-May-19	Time: 14:42
New data (address : error)
Date: 13-May-19	Time: 14:43
New data (address : error)
Date: 13-May-19	Time: 14:44

Next group
1539	1541	0	0	0	0	0	0	0	0
1	1	0	0	0	0	0	0	0	0

Next group
1539	1541	0	0	0	0	0	0	0	0
1	1	0	0	0	0	0	0	0	0

Next group
1539	1541	0	0	0	0	0	0	0	0
1	1	0	0	0	0	0	0	0	0

Next group
1539	1541	0	0	0	0	0	0	0	0
1	1	0	0	0	0	0	0	0	0

Next group
1539	1541	0	0	0	0	0	0	0	0
1	1	0	0	0	0	0	0	0	0

Next group
1539	1541	0	0	0	0	0	0	0	0
1	1	0	0	0	0	0	0	0	0

Next group
1539	1541	0	0	0	0	0	0	0	0
1	1	0	0	0	0	0	0	0	0

Next group
1539	1541	0	0	0	0	0	0	0	0
1	1	0	0	0	0	0	0	0	0

Next group
1536	1537	1538	1539	1540	1541	1542	1543	1544	1545
1	1	1	1	1	1	1	1	1	1

Next group
1536	1537	1538	1539	1540	1541	1542	1543	1544	1545
5	5	5	5	5	5	5	5	5	5

Next group
1024	1539	1541	0	0	0	0	0	0	0
4	1	1	0	0	0	0	0	0	0

Next group
1539	1541	0	0	0	0	0	0	0	0
1	1	0	0	0	0	0	0	0	0

Next group
1539	1541	0	0	0	0	0	0	0	0
1	1	0	0	0	0	0	0	0	0

Next group
1539	1541	0	0	0	0	0	0	0	0
1	1	0	0	0	0	0	0	0	0

Next group
1539	1541	0	0	0	0	0	0	0	0
1	1	0	0	0	0	0	0	0	0

Next group
1539	1541	0	0	0	0	0	0	0	0
1	1	0	0	0	0	0	0	0	0

Next group
1539	1541	0	0	0	0	0	0	0	0
1	1	0	0	0	0	0	0	0	0

Next group
1539	1541	0	0	0	0	0	0	0	0
1	1	0	0	0	0	0	0	0	0

Next group
1536	1537	1538	1539	1540	1541	1542	1543	1544	1545
5	5	5	5	5	5	5	5	5	5

Next group
1539	1541	0	0	0	0	0	0	0	0
1	1	0	0	0	0	0	0	0	0

Next group
1539	1541	0	0	0	0	0	0	0	0
1	1	0	0	0	0	0	0	0	0

Next group
1539	1541	0	0	0	0	0	0	0	0
1	1	0	0	0	0	0	0	0	0

Next group
1536	1537	1538	1539	1540	1541	1542	1543	1544	1545
1	1	1	1	1	1	1	1	1	1

Next group
1536	1537	1538	1539	1540	1541	1542	1543	1544	1545
5	5	5	5	5	5	5	5	5	5

Next group
1539	1541	0	0	0	0	0	0	0	0
1	1	0	0	0	0	0	0	0	0

Next group
1539	1541	0	0	0	0	0	0	0	0
1	1	0	0	0	0	0	0	0	0

Next group
1024	1536	1537	1538	1539	1540	1541	1542	1543	1544
4	5	5	5	5	5	5	5	5	5

Next group
1539	1541	0	0	0	0	0	0	0	0
1	1	0	0	0	0	0	0	0	0

Next group
256	1536	1537	1538	1539	1540	1541	1542	1543	1544
1	1	1	1	1	1	1	1	1	1

Next group
1539	1541	0	0	0	0	0	0	0	0
1	1	0	0	0	0	0	0	0	0

Next group
1539	1541	0	0	0	0	0	0	0	0
1	1	0	0	0	0	0	0	0	0

Next group
1539	1541	0	0	0	0	0	0	0	0
1	1	0	0	0	0	0	0	0	0

Next group
1539	1541	0	0	0	0	0	0	0	0
1	1	0	0	0	0	0	0	0	0

Next group
1539	1541	0	0	0	0	0	0	0	0
1	1	0	0	0	0	0	0	0	0

Next group
1539	1541	0	0	0	0	0	0	0	0
1	1	0	0	0	0	0	0	0	0

Next group
1539	1541	0	0	0	0	0	0	0	0
1	1	0	0	0	0	0	0	0	0

Next group
1539	1541	0	0	0	0	0	0	0	0
1	1	0	0	0	0	0	0	0	0

Next group
1539	1541	0	0	0	0	0	0	0	0
1	1	0	0	0	0	0	0	0	0

Next group
1539	1541	0	0	0	0	0	0	0	0
1	1	0	0	0	0	0	0	0	0

Next group
1536	1537	1538	1539	1540	1541	1542	1543	1544	1545
1	1	1	1	1	1	1	1	1	1

Next group
1536	1537	1538	1539	1540	1541	1542	1543	1544	1545
5	5	5	5	5	5	5	5	5	5

Next group
1536	1539	1541	0	0	0	0	0	0	0
6	1	1	0	0	0	0	0	0	0

Next group
1536	1537	1538	1539	1540	1541	1542	1543	1544	1545
69	69	69	69	69	69	69	69	69	69

Next group
1539	1541	0	0	0	0	0	0	0	0
1	1	0	0	0	0	0	0	0	0
New data (address : error)
Date: 13-May-19	Time: 15:08

Next group
1539	1541	0	0	0	0	0	0	0	0
1	1	0	0	0	0	0	0	0	0

Next group
1536	1537	1538	1539	1540	1541	1542	1543	1544	1545
4	4	4	5	4	5	4	4	4	4

Next group
1539	1541	0	0	0	0	0	0	0	0
1	1	0	0	0	0	0	0	0	0
New data (address : error)
Date: 13-May-19	Time: 15:10
New data (address : error)
Date: 13-May-19	Time: 15:11

Next group
256	1539	1541	0	0	0	0	0	0	0
1	1	1	0	0	0	0	0	0	0
New data (address : error)
Date: 13-May-19	Time: 15:11

Next group
1539	1541	0	0	0	0	0	0	0	0
1	1	0	0	0	0	0	0	0	0

Next group
1536	1537	1538	1539	1540	1541	1542	1543	1544	1545
4	4	4	5	4	5	4	4	4	4

Next group
768	1536	1537	1538	1539	1540	1541	1542	1543	1544
3	4	4	4	5	4	5	4	4	4

Next group
1280	1536	1537	1538	1539	1540	1541	1542	1543	1544
5	4	4	4	5	4	5	4	4	4

Next group
1539	1541	0	0	0	0	0	0	0	0
1	1	0	0	0	0	0	0	0	0

Next group
1539	1541	0	0	0	0	0	0	0	0
1	1	0	0	0	0	0	0	0	0

Next group
1539	1541	0	0	0	0	0	0	0	0
1	1	0	0	0	0	0	0	0	0
New data (address : error)
Date: 13-May-19	Time: 15:21
New data (address : error)
Date: 13-May-19	Time: 15:22
New data (address : error)
Date: 13-May-19	Time: 15:22

Next group
1539	1541	0	0	0	0	0	0	0	0
1	1	0	0	0	0	0	0	0	0

Next group
1539	1541	0	0	0	0	0	0	0	0
1	1	0	0	0	0	0	0	0	0

Next group
768	1539	1541	0	0	0	0	0	0	0
3	1	1	0	0	0	0	0	0	0

Next group
1536	1537	1538	1539	1540	1541	1542	1543	1544	1545
1	1	1	1	1	1	1	1	1	1

Next group
1539	1541	0	0	0	0	0	0	0	0
1	1	0	0	0	0	0	0	0	0

Next group
1539	1541	0	0	0	0	0	0	0	0
1	1	0	0	0	0	0	0	0	0

Next group
1536	1537	1538	1539	1540	1541	1542	1543	1544	1545
1	1	1	1	1	1	1	1	1	1

Next group
1536	1537	1538	1539	1540	1541	1542	1543	1544	1545
5	5	5	5	5	5	5	5	5	5

Next group
1539	1541	0	0	0	0	0	0	0	0
1	1	0	0	0	0	0	0	0	0
New data (address : error)
Date: 13-May-19	Time: 15:28

Next group
1536	1537	1538	1539	1540	1541	1542	1543	1544	1545
4	4	4	5	4	5	4	4	4	4

Next group
1539	1541	0	0	0	0	0	0	0	0
1	1	0	0	0	0	0	0	0	0

Next group
1539	1541	0	0	0	0	0	0	0	0
1	1	0	0	0	0	0	0	0	0

Next group
1539	1541	0	0	0	0	0	0	0	0
1	1	0	0	0	0	0	0	0	0

Next group
1539	1541	0	0	0	0	0	0	0	0
1	1	0	0	0	0	0	0	0	0

Next group
1539	1541	0	0	0	0	0	0	0	0
1	1	0	0	0	0	0	0	0	0

Next group
1539	1541	0	0	0	0	0	0	0	0
1	1	0	0	0	0	0	0	0	0

Next group
1539	1541	0	0	0	0	0	0	0	0
1	1	0	0	0	0	0	0	0	0

Next group
1539	1541	0	0	0	0	0	0	0	0
1	1	0	0	0	0	0	0	0	0

Next group
1539	1541	0	0	0	0	0	0	0	0
1	1	0	0	0	0	0	0	0	0

Next group
1539	1541	0	0	0	0	0	0	0	0
1	1	0	0	0	0	0	0	0	0

Next group
1539	1541	0	0	0	0	0	0	0	0
1	1	0	0	0	0	0	0	0	0

Next group
1539	1541	0	0	0	0	0	0	0	0
1	1	0	0	0	0	0	0	0	0

Next group
1539	1541	0	0	0	0	0	0	0	0
1	1	0	0	0	0	0	0	0	0

Next group
1539	1541	0	0	0	0	0	0	0	0
1	1	0	0	0	0	0	0	0	0

Next group
1539	1541	0	0	0	0	0	0	0	0
1	1	0	0	0	0	0	0	0	0

Next group
1539	1541	0	0	0	0	0	0	0	0
1	1	0	0	0	0	0	0	0	0

Next group
512	1539	1541	1608	0	0	0	0	0	0
2	1	1	8	0	0	0	0	0	0

Next group
1539	1541	0	0	0	0	0	0	0	0
1	1	0	0	0	0	0	0	0	0

Next group
1539	1541	0	0	0	0	0	0	0	0
1	1	0	0	0	0	0	0	0	0

Next group
768	1539	1541	0	0	0	0	0	0	0
3	1	1	0	0	0	0	0	0	0

Next group
1539	1541	0	0	0	0	0	0	0	0
1	1	0	0	0	0	0	0	0	0

Next group
1539	1541	1608	0	0	0	0	0	0	0
1	1	16	0	0	0	0	0	0	0

Next group
768	1539	1541	0	0	0	0	0	0	0
3	1	1	0	0	0	0	0	0	0

Next group
1539	1541	0	0	0	0	0	0	0	0
1	1	0	0	0	0	0	0	0	0

Next group
1539	1541	0	0	0	0	0	0	0	0
1	1	0	0	0	0	0	0	0	0

Next group
1539	1541	0	0	0	0	0	0	0	0
1	1	0	0	0	0	0	0	0	0

Next group
1539	1541	0	0	0	0	0	0	0	0
1	1	0	0	0	0	0	0	0	0

Next group
1280	1539	1541	0	0	0	0	0	0	0
5	1	1	0	0	0	0	0	0	0

Next group
1539	1541	1605	1608	0	0	0	0	0	0
1	1	1	32	0	0	0	0	0	0

Next group
1539	1541	1608	0	0	0	0	0	0	0
1	1	32	0	0	0	0	0	0	0

Next group
512	1539	1541	0	0	0	0	0	0	0
2	1	1	0	0	0	0	0	0	0

Next group
1539	1541	0	0	0	0	0	0	0	0
1	1	0	0	0	0	0	0	0	0

Next group
1539	1541	0	0	0	0	0	0	0	0
1	1	0	0	0	0	0	0	0	0

Next group
1539	1541	0	0	0	0	0	0	0	0
1	1	0	0	0	0	0	0	0	0

Next group
1024	1539	1541	0	0	0	0	0	0	0
4	1	1	0	0	0	0	0	0	0

Next group
1539	1541	0	0	0	0	0	0	0	0
1	1	0	0	0	0	0	0	0	0

Next group
1539	1541	0	0	0	0	0	0	0	0
1	1	0	0	0	0	0	0	0	0

Next group
1539	1541	0	0	0	0	0	0	0	0
1	1	0	0	0	0	0	0	0	0

Next group
1539	1541	0	0	0	0	0	0	0	0
1	1	0	0	0	0	0	0	0	0

Next group
1539	1541	0	0	0	0	0	0	0	0
1	1	0	0	0	0	0	0	0	0

Next group
1024	1539	1541	1606	0	0	0	0	0	0
4	1	1	8	0	0	0	0	0	0

Next group
1539	1541	0	0	0	0	0	0	0	0
1	1	0	0	0	0	0	0	0	0

Next group
1539	1541	0	0	0	0	0	0	0	0
1	1	0	0	0	0	0	0	0	0

Next group
1539	1541	1608	0	0	0	0	0	0	0
1	1	128	0	0	0	0	0	0	0
New data (address : error)
Date: 13-May-19	Time: 15:50
New data (address : error)
Date: 13-May-19	Time: 15:50
New data (address : error)
Date: 13-May-19	Time: 15:50
New data (address : error)
Date: 13-May-19	Time: 15:51
New data (address : error)
Date: 13-May-19	Time: 15:51
New data (address : error)
Date: 13-May-19	Time: 15:52
New data (address : error)
Date: 13-May-19	Time: 15:52
New data (address : error)
Date: 04-Jul-19	Time: 13:30
New data (address : error)
Date: 04-Jul-19	Time: 13:34
New data (address : error)
Date: 04-Jul-19	Time: 13:34
New data (address : error)
Date: 04-Jul-19	Time: 13:53

Next group
193	194	195	196	197	198	199	200	201	202
4	4	4	4	4	4	4	4	4	4

Next group
193	194	195	196	197	198	199	200	201	202
4	4	4	4	4	4	4	4	4	4

Next group
193	194	195	196	197	198	199	200	201	202
4	4	4	4	4	4	4	4	4	4

Next group
193	194	195	196	197	198	199	200	201	202
4	4	4	4	4	4	4	4	4	4

Next group
193	194	195	196	197	198	199	200	201	202
4	4	4	4	4	4	4	4	4	4

Next group
193	194	195	196	197	198	199	200	201	202
4	4	4	4	4	4	4	4	4	4

Next group
193	194	195	196	197	198	199	200	201	202
4	4	4	4	4	4	4	4	4	4

Next group
193	194	195	196	197	198	199	200	201	202
4	4	4	4	4	4	4	4	4	4

Next group
193	194	195	196	197	198	199	200	201	202
4	4	4	4	4	4	4	4	4	4

Next group
193	194	195	196	197	198	199	200	201	202
4	4	4	4	4	4	4	4	4	4
